1.000000000000000000e+00
9.856445951489980484e-01
9.429905358928645231e-01
8.732624548099201522e-01
7.784623015670234514e-01
6.613118653236519373e-01
5.251746299612957136e-01
3.739592057378003931e-01
2.120071099220547373e-01
4.396811831786489461e-02
-1.253332335643041473e-01
-2.910361668282718250e-01
-4.483832160900321218e-01
-5.928568201610592281e-01
-7.203090248879069346e-01
-8.270805742745617195e-01
-9.101059706849956576e-01
-9.670014877624349969e-01
-9.961336091431725048e-01
-9.966659280340298688e-01
-9.685831611286311871e-01
-9.126915874035028686e-01
-8.305958991958126703e-01
-7.246531301870465791e-01
-5.979049830575190461e-01
-4.539904997395469155e-01
-2.970415815770349743e-01
-1.315643590922833395e-01
3.769018266993467287e-02
2.058626087698806895e-01
3.681245526846774196e-01
5.198173426207091108e-01
6.565857557529561905e-01
7.745030601987337171e-01
8.701837546695255776e-01
9.408807689542251218e-01
9.845643345292054427e-01
9.999802608561371153e-01
9.866859442078680376e-01
9.450630751798050344e-01
8.763066800438638060e-01
7.823908105765883247e-01
6.660118674342517808e-01
5.305111843067349398e-01
3.797790955218011688e-01
2.181432413965433692e-01
5.024431817976939690e-02
-1.190971600948691062e-01
-2.850192624699756094e-01
-4.427582310389011622e-01
-5.877852522924729151e-01
-7.159364830218309939e-01
-8.235325976284273430e-01
-9.074844245411168853e-01
-9.653816388332734366e-01
-9.955619646030799963e-01
-9.971589002606139340e-01
-9.701265964901057970e-01
-9.152411726209180864e-01
-8.340784336131717991e-01
-7.289686274214123296e-01
-6.029295416890241288e-01
-4.595798606214886450e-01
-3.030352696327747175e-01
-1.377902906846387721e-01
3.141075907812768825e-02
1.997099805144065265e-01
3.622753667045452985e-01
5.144395337815061975e-01
6.518337253008785748e-01
7.705132427757880320e-01
8.670707011644900319e-01
9.387338576538740709e-01
9.834452049953297248e-01
9.999210442038161117e-01
9.876883405951379924e-01
9.470983049947441224e-01
8.793163101905560053e-01
7.862884321366195861e-01
6.706855765367207844e-01
5.358267949789973228e-01
3.855839922773956485e-01
2.242707609493818643e-01
5.651853448202510954e-02
-1.128563848734812081e-01
-2.789911060392288866e-01
-4.371157666509310480e-01
-5.826904796685759003e-01
-7.115356772092852333e-01
-8.199521093254523718e-01
-9.048270524660187997e-01
-9.637236782900092669e-01
-9.949510169813001736e-01
-9.976125063612252264e-01
-9.716317329146741955e-01
-9.177546256839815841e-01
-8.375280400421423188e-01
-7.332553462225607221e-01
-6.079302976946060477e-01
-4.651510780774590348e-01
-3.090169943749480619e-01
-1.440107825522527196e-01
2.513009544333701800e-02
1.935494680508599019e-01
3.564118787132504740e-01
5.090414157503712067e-01
6.470559615694442268e-01
7.664930068093498416e-01
8.639234171928336092e-01
9.365498867481911738e-01
9.822872507286887211e-01
9.998223523808089652e-01
9.886517447379139512e-01
9.490961449902943770e-01
8.822912264349529465e-01
7.901550123756898580e-01
6.753328081210263623e-01
5.411212521268780051e-01
3.913736668372046479e-01
2.303894266765928456e-01
6.279051952931558045e-02
-1.066111542752613411e-01
-2.729519355173267159e-01
-4.314560456809604649e-01
-5.775727034222660761e-01
-7.071067811865463515e-01
-8.163392507171830514e-01
-9.021339593682021762e-01
-9.620276715860854866e-01
-9.943007903969987016e-01
-9.980267284282716700e-01
-9.730985109821259638e-01
-9.202318473658707143e-01
-8.409445822981695962e-01
-7.375131173581744859e-01
-6.129070536529770408e-01
-4.707039321653331276e-01
-3.149865196553052749e-01
-1.502255891207574523e-01
1.884843971540786298e-02
1.873813145857209372e-01
3.505343201912555773e-01
5.036232016357607977e-01
6.422526531765844204e-01
7.624425110114479986e-01
8.607420270039437549e-01
9.343289424566121326e-01
9.810905174433341980e-01
9.996841892832999399e-01
9.895761186026513778e-01
9.510565162951544194e-01
8.852313113324564720e-01
7.939903986478347164e-01
6.799533787224184556e-01
5.463943467342681215e-01
3.971478906347794546e-01
2.364989970237267869e-01
6.906002571440786331e-02
-1.003617148512129242e-01
-2.669019893203737892e-01
-4.257792915650710497e-01
-5.724321255945895581e-01
-7.026499697988506377e-01
-8.126941644330951675e-01
-8.994052515663704117e-01
-9.602936856769427321e-01
-9.936113105200082840e-01
-9.984015501089751332e-01
-9.745268727865773473e-01
-9.226727398701152216e-01
-8.443279255020155194e-01
-7.417417727387420889e-01
-6.178596130903375450e-01
-4.762382036679395081e-01
-3.209436098072098176e-01
-1.564344650402311465e-01
1.256603988335243914e-02
1.812057636271372785e-01
3.446429231745171129e-01
4.981851053394878437e-01
6.374239897486871920e-01
7.583619152887197679e-01
8.575266561936506493e-01
9.320711124582111706e-01
9.798550523842469717e-01
9.995065603657316000e-01
9.904614256966510766e-01
9.529793415172196358e-01
8.881364488135456980e-01
7.977944395385724308e-01
6.845471059286903914e-01
5.516458706284320668e-01
4.029064357136645791e-01
2.425992307954094040e-01
7.532680552793463713e-02
-9.410831331851250703e-02
-2.608415062898952752e-01
-4.200857284118048041e-01
-5.672689491267552953e-01
-6.981654189934767274e-01
-8.090169943749466741e-01
-8.966410367852353236e-01
-9.585217890173756139e-01
-9.928826045698135871e-01
-9.987369566060175785e-01
-9.759167619387475456e-01
-9.250772068344582655e-01
-8.476779360850835721e-01
-7.459411454241824391e-01
-6.227877804881127854e-01
-4.817536741017155455e-01
-3.268880296549426800e-01
-1.626371651948837205e-01
6.283143965558928533e-03
1.750230589752761190e-01
3.387379202452848737e-01
4.927273415482856245e-01
6.325701619131192111e-01
7.542513807360994305e-01
8.542774316992918227e-01
9.297764858882516803e-01
9.785809043254722894e-01
9.992894726405893158e-01
9.913076310695064786e-01
9.548645447466426184e-01
8.910065241883673437e-01
8.015669848708758538e-01
6.891138083873474818e-01
5.568756164881867310e-01
4.086490747363475950e-01
2.486898871648531573e-01
8.159061156816285743e-02
-8.785119655073796163e-02
-2.547707256833772194e-01
-4.143755809932795353e-01
-5.620833778521264756e-01
-6.936533058128014906e-01
-8.053078857111191091e-01
-8.938414241512616654e-01
-9.567120515588292129e-01
-9.921147013144773208e-01
-9.990329346781245956e-01
-9.772681235681928147e-01
-9.274451533346601551e-01
-8.509944817946902829e-01
-7.501110696304574832e-01
-6.276913612906979134e-01
-4.872501257253355478e-01
-3.328195445229900629e-01
-1.688334447127373406e-01
-3.429630018249177331e-15
1.688334447127305959e-01
3.328195445229836236e-01
4.872501257253296081e-01
6.276913612906981355e-01
7.501110696304575942e-01
8.509944817946903939e-01
9.274451533346602661e-01
9.772681235681929257e-01
9.990329346781245956e-01
9.921147013144780979e-01
9.567120515588312113e-01
8.938414241512615543e-01
8.053078857111232169e-01
6.936533058128063756e-01
5.620833778521322488e-01
4.143755809932858081e-01
2.547707256833838252e-01
8.785119655074480338e-02
-8.159061156815602955e-02
-2.486898871648534071e-01
-4.086490747363478171e-01
-5.568756164881869530e-01
-6.891138083873477038e-01
-8.015669848708759648e-01
-8.910065241883674547e-01
-9.548645447466427294e-01
-9.913076310695064786e-01
-9.992894726405893158e-01
-9.785809043254736217e-01
-9.297764858882541228e-01
-8.542774316992990391e-01
-7.542513807361086453e-01
-6.325701619131245401e-01
-4.927273415482916197e-01
-3.387379202452913129e-01
-1.750230589752758692e-01
-6.283143965558682202e-03
1.626371651948839703e-01
3.268880296549429021e-01
4.817536741017157675e-01
6.227877804881130075e-01
7.459411454241826611e-01
8.476779360850836831e-01
9.250772068344583765e-01
9.759167619387461023e-01
9.987369566060172454e-01
9.928826045698143643e-01
9.585217890173775013e-01
8.966410367852383212e-01
8.090169943749506709e-01
6.981654189934766164e-01
5.672689491267608464e-01
4.200857284118110213e-01
2.608415062898950532e-01
9.410831331851225723e-02
-7.532680552793488693e-02
-2.425992307954096261e-01
-4.029064357136648011e-01
-5.516458706284322888e-01
-6.845471059286905025e-01
-7.977944395385683229e-01
-8.881364488135424784e-01
-9.529793415172175264e-01
-9.904614256966506325e-01
-9.995065603657317110e-01
-9.798550523842476379e-01
-9.320711124582123919e-01
-8.575266561936542020e-01
-7.583619152887242088e-01
-6.374239897486924100e-01
-4.981851053394938389e-01
-3.446429231745201660e-01
-1.812057636271405536e-01
-1.256603988334864010e-02
1.564344650402348935e-01
3.209436098072134258e-01
4.762382036679366215e-01
6.178596130903322159e-01
7.417417727387374260e-01
8.443279255020137430e-01
9.226727398701138894e-01
9.745268727865765701e-01
9.984015501089749112e-01
9.936113105200086171e-01
9.602936856769436202e-01
8.994052515663718550e-01
8.126941644330950565e-01
7.026499697988504156e-01
5.724321255945922227e-01
4.257792915650740473e-01
2.669019893203769533e-01
1.003617148512232909e-01
-6.906002571439746884e-02
-2.364989970237166839e-01
-3.971478906347796767e-01
-5.463943467342683435e-01
-6.799533787224185666e-01
-7.939903986478348275e-01
-8.852313113324549176e-01
-9.510565162951534202e-01
-9.895761186026509337e-01
-9.996841892832999399e-01
-9.810905174433340870e-01
-9.343289424566121326e-01
-8.607420270039436438e-01
-7.624425110114477766e-01
-6.422526531765841984e-01
-5.036232016357667929e-01
-3.505343201912653472e-01
-1.873813145857311513e-01
-1.884843971541471860e-02
1.502255891207506799e-01
3.149865196552987801e-01
4.707039321653270769e-01
6.129070536529716007e-01
7.375131173581745969e-01
8.409445822981697072e-01
9.202318473658708253e-01
9.730985109821268519e-01
9.980267284282716700e-01
9.943007903969987016e-01
9.620276715860854866e-01
9.021339593682020652e-01
8.163392507171869372e-01
7.071067811865511255e-01
5.775727034222717382e-01
4.314560456809634625e-01
2.729519355173298800e-01
1.066111542752646302e-01
-6.279051952930873870e-02
-2.303894266765861565e-01
-3.913736668371983196e-01
-5.411212521268722320e-01
-6.753328081210212552e-01
-7.901550123756878596e-01
-8.822912264349513922e-01
-9.490961449902933778e-01
-9.886517447379133960e-01
-9.998223523808090762e-01
-9.822872507286893873e-01
-9.365498867481936163e-01
-8.639234171928370509e-01
-7.664930068093519511e-01
-6.470559615694467803e-01
-5.090414157503739823e-01
-3.564118787132535271e-01
-1.935494680508631493e-01
-2.513009544332611700e-02
1.440107825522494445e-01
3.090169943749448977e-01
4.651510780774560927e-01
6.079302976946034942e-01
7.332553462225583907e-01
8.375280400421404314e-01
9.177546256839802519e-01
9.716317329146734183e-01
9.976125063612251154e-01
9.949510169813003957e-01
9.637236782900101550e-01
9.048270524660202430e-01
8.199521093254532600e-01
7.115356772092863435e-01
5.826904796685771215e-01
4.371157666509340456e-01
2.789911060392303299e-01
1.128563848734827207e-01
-5.651853448202358299e-02
-2.242707609493803655e-01
-3.855839922773958706e-01
-5.358267949789961015e-01
-6.706855765367196742e-01
-7.862884321366185869e-01
-8.793163101905561163e-01
-9.470983049947442334e-01
-9.876883405951376593e-01
-9.999210442038161117e-01
-9.834452049953297248e-01
-9.387338576538740709e-01
-8.670707011644899209e-01
-7.705132427757980240e-01
-6.518337253008892329e-01
-5.144395337815181879e-01
-3.622753667045583437e-01
-1.997099805144202100e-01
-3.141075907814164236e-02
1.377902906846249220e-01
3.030352696327614503e-01
4.595798606214762660e-01
6.029295416890256831e-01
7.289686274214124406e-01
8.340784336131720211e-01
9.152411726209181975e-01
9.701265964901062411e-01
9.971589002606140451e-01
9.955619646030798853e-01
9.653816388332733256e-01
9.074844245411161081e-01
8.235325976284262328e-01
7.159364830218295506e-01
5.877852522924712497e-01
4.427582310388993303e-01
2.850192624699736665e-01
1.190971600948671077e-01
-5.024431817977230430e-02
-2.181432413965453398e-01
-3.797790955218038333e-01
-5.305111843067366051e-01
-6.660118674342540013e-01
-7.823908105765901011e-01
-8.763066800438652493e-01
-9.450630751798059226e-01
-9.866859442078663722e-01
-9.999802608561372264e-01
-9.845643345292072190e-01
-9.408807689542290076e-01
-8.701837546695306846e-01
-7.745030601987402674e-01
-6.565857557529640731e-01
-5.198173426207179926e-01
-3.681245526846871341e-01
-2.058626087698908758e-01
-3.769018266994419303e-02
1.315643590922730144e-01
2.970415815770258705e-01
4.539904997395384778e-01
5.979049830575114965e-01
7.246531301870403619e-01
8.305958991958075632e-01
9.126915874034992049e-01
9.685831611286289666e-01
9.966659280340303129e-01
9.961336091431719497e-01
9.670014877624336647e-01
9.101059706849933262e-01
8.270805742745584999e-01
7.203090248879027158e-01
5.928568201610543431e-01
4.483832160900267372e-01
2.910361668282658854e-01
1.253332335642979301e-01
-4.396811831787134778e-02
-2.120071099220610378e-01
-3.739592057378066103e-01
-5.251746299612893853e-01
-6.613118653236463862e-01
-7.784623015670188995e-01
-8.732624548099167106e-01
-9.429905358928620807e-01
-9.856445951489968271e-01
-1.000000000000000000e+00
-9.856445951489991586e-01
-9.429905358928666326e-01
-8.732624548099233719e-01
-7.784623015670274482e-01
-6.613118653236566002e-01
-5.251746299613010427e-01
-3.739592057378061662e-01
-2.120071099220605659e-01
-4.396811831787085512e-02
1.253332335642984297e-01
2.910361668282663294e-01
4.483832160900271813e-01
5.928568201610547872e-01
7.203090248879030488e-01
8.270805742745588329e-01
9.101059706849935482e-01
9.670014877624337757e-01
9.961336091431720607e-01
9.966659280340303129e-01
9.685831611286322973e-01
9.126915874035047560e-01
8.305958991958152238e-01
7.246531301870400288e-01
5.979049830575110525e-01
4.539904997395380337e-01
2.970415815770389711e-01
1.315643590922866146e-01
-3.769018266993048177e-02
-2.058626087698774421e-01
-3.681245526846743665e-01
-5.198173426207062242e-01
-6.565857557529536370e-01
-7.745030601987316077e-01
-8.701837546695239123e-01
-9.408807689542243446e-01
-9.845643345292047766e-01
-9.999802608561371153e-01
-9.866859442078685927e-01
-9.450630751798058116e-01
-8.763066800438649162e-01
-7.823908105765898791e-01
-6.660118674342535572e-01
-5.305111843067362720e-01
-3.797790955218033893e-01
-2.181432413965448680e-01
-5.024431817977181164e-02
1.190971600948675935e-01
2.850192624699741661e-01
4.427582310388997744e-01
5.877852522924715828e-01
7.159364830218298836e-01
8.235325976284264549e-01
9.074844245411163302e-01
9.653816388332735476e-01
9.955619646030798853e-01
9.971589002606140451e-01
9.701265964901095717e-01
9.152411726209237486e-01
8.340784336131795706e-01
7.289686274214218775e-01
6.029295416890366743e-01
4.595798606215010795e-01
3.030352696327880402e-01
1.377902906846525943e-01
-3.141075907812793111e-02
-1.997099805144067486e-01
-3.622753667045455206e-01
-5.144395337815064195e-01
-6.518337253008787968e-01
-7.705132427757893643e-01
-8.670707011644901430e-01
-9.387338576538741819e-01
-9.834452049953297248e-01
-9.999210442038161117e-01
-9.876883405951376593e-01
-9.470983049947440113e-01
-8.793163101905558943e-01
-7.862884321366183649e-01
-6.706855765367192301e-01
-5.358267949789956575e-01
-3.855839922773954265e-01
-2.242707609493798937e-01
-5.651853448202309033e-02
1.128563848734832203e-01
2.789911060392308295e-01
4.371157666509344897e-01
5.826904796685775656e-01
7.115356772092866766e-01
8.199521093254453774e-01
9.048270524660143588e-01
9.637236782900064913e-01
9.949510169812989524e-01
9.976125063612260035e-01
9.716317329146767490e-01
9.177546256839856920e-01
8.375280400421479809e-01
7.332553462225677166e-01
6.079302976946143744e-01
4.651510780774682496e-01
3.090169943749579429e-01
1.440107825522630169e-01
-2.513009544332660966e-02
-1.935494680508496879e-01
-3.564118787132407595e-01
-5.090414157503622139e-01
-6.470559615694363442e-01
-7.664930068093522841e-01
-8.639234171928372730e-01
-9.365498867481937273e-01
-9.822872507286894983e-01
-9.998223523808090762e-01
-9.886517447379133960e-01
-9.490961449902931557e-01
-8.822912264349511702e-01
-7.901550123756875266e-01
-6.753328081210209222e-01
-5.411212521268717879e-01
-3.913736668371978755e-01
-2.303894266765856846e-01
-6.279051952930825298e-02
1.066111542752509883e-01
2.729519355173166684e-01
4.314560456809510836e-01
5.775727034222605250e-01
7.071067811865414665e-01
8.163392507171790546e-01
9.021339593681991786e-01
9.620276715860835992e-01
9.943007903969980354e-01
9.980267284282721141e-01
9.730985109821284063e-01
9.202318473658733788e-01
8.409445822981732599e-01
7.375131173581790378e-01
6.129070536529824809e-01
4.707039321653391784e-01
3.149865196553117697e-01
1.502255891207642524e-01
-1.884843971540100388e-02
-1.873813145857176898e-01
-3.505343201912524687e-01
-5.036232016357549135e-01
-6.422526531765792024e-01
-7.624425110114435578e-01
-8.607420270039403132e-01
-9.343289424566096901e-01
-9.810905174433328657e-01
-9.996841892833001619e-01
-9.895761186026498235e-01
-9.510565162951510887e-01
-8.852313113324513649e-01
-7.939903986478302755e-01
-6.799533787224234516e-01
-5.463943467342737836e-01
-3.971478906347857274e-01
-2.364989970237300065e-01
-6.906002571441116622e-02
1.003617148512096352e-01
2.669019893203705696e-01
4.257792915650680521e-01
5.724321255945867826e-01
7.026499697988457527e-01
8.126941644330911707e-01
8.994052515663689684e-01
9.602936856769418439e-01
9.936113105200079509e-01
9.984015501089752442e-01
9.745268727865781244e-01
9.226727398701164429e-01
8.443279255020172958e-01
7.417417727387418669e-01
6.178596130903374339e-01
4.762382036679424502e-01
3.209436098072129817e-01
1.564344650402343939e-01
-1.256603988334913276e-02
-1.812057636271340311e-01
-3.446429231745140043e-01
-4.981851053394880657e-01
-6.374239897486873030e-01
-7.583619152887198789e-01
-8.575266561936507603e-01
-9.320711124582099494e-01
-9.798550523842435300e-01
-9.995065603657310449e-01
-9.904614256966535191e-01
-9.529793415172238547e-01
-8.881364488135521373e-01
-7.977944395385808685e-01
-6.845471059286901694e-01
-5.516458706284318447e-01
-4.029064357136643570e-01
-2.425992307954091542e-01
-7.532680552793438733e-02
9.410831331851274295e-02
2.608415062898954973e-01
4.200857284118050261e-01
5.672689491267554063e-01
6.981654189934718424e-01
8.090169943749467851e-01
8.966410367852354346e-01
9.585217890173756139e-01
9.928826045698135871e-01
9.987369566060175785e-01
9.759167619387475456e-01
9.250772068344582655e-01
8.476779360850834610e-01
7.459411454241823280e-01
6.227877804881126744e-01
4.817536741017153235e-01
3.268880296549424580e-01
1.626371651948834707e-01
-6.283143965559173996e-03
-1.750230589752763688e-01
-3.387379202452917570e-01
-4.927273415482796293e-01
-6.325701619131138820e-01
-7.542513807360949896e-01
-8.542774316992881589e-01
-9.297764858882464623e-01
-9.785809043254694028e-01
-9.992894726405887607e-01
-9.913076310695082549e-01
-9.548645447466468372e-01
-8.910065241883736720e-01
-8.015669848708841805e-01
-6.891138083873575848e-01
-5.568756164881983883e-01
-4.086490747363603626e-01
-2.486898871648667020e-01
-8.159061156816969917e-02
8.785119655074528910e-02
2.547707256833843248e-01
4.143755809932862522e-01
5.620833778521325819e-01
6.936533058128068197e-01
8.053078857111235500e-01
8.938414241512649960e-01
9.567120515588313223e-01
9.921147013144782090e-01
9.990329346781245956e-01
9.772681235681928147e-01
9.274451533346601551e-01
8.509944817946900608e-01
7.501110696304572611e-01
6.276913612906976914e-01
4.872501257253291640e-01
3.328195445229965577e-01
1.688334447127441129e-01
1.028889005474753121e-14
-1.688334447127238236e-01
-3.328195445229771288e-01
-4.872501257253236129e-01
-6.276913612906928064e-01
-7.501110696304530423e-01
-8.509944817946867301e-01
-9.274451533346577126e-01
-9.772681235681914824e-01
-9.990329346781242625e-01
-9.921147013144789861e-01
-9.567120515588332097e-01
-8.938414241512678826e-01
-8.053078857111273248e-01
-6.936533058128113716e-01
-5.620833778521379109e-01
-4.143755809932920253e-01
-2.547707256833904865e-01
-8.785119655075163125e-02
8.159061156814918780e-02
2.486898871648467457e-01
4.086490747363415998e-01
5.568756164881812909e-01
6.891138083873427078e-01
8.015669848708718570e-01
8.910065241883643461e-01
9.548645447466406200e-01
9.913076310695055904e-01
9.992894726405895378e-01
9.785809043254736217e-01
9.297764858882541228e-01
8.542774316992989281e-01
7.542513807361084233e-01
6.325701619131298692e-01
4.927273415482975594e-01
3.387379202452977522e-01
1.750230589752826416e-01
6.283143965565541299e-03
-1.626371651948771979e-01
-3.268880296549364628e-01
-4.817536741017097723e-01
-6.227877804881076784e-01
-7.459411454241781092e-01
-8.476779360850800193e-01
-9.250772068344558230e-01
-9.759167619387461023e-01
-9.987369566060186887e-01
-9.928826045698143643e-01
-9.585217890173775013e-01
-8.966410367852382102e-01
-8.090169943749505599e-01
-6.981654189934763943e-01
-5.672689491267607353e-01
-4.200857284118107993e-01
-2.608415062899016590e-01
-9.410831331851908510e-02
7.532680552792804518e-02
2.425992307954029648e-01
4.029064357136585284e-01
5.516458706284266267e-01
6.845471059286855064e-01
7.977944395385684340e-01
8.881364488135427004e-01
9.529793415172176374e-01
9.904614256966506325e-01
9.995065603657317110e-01
9.798550523842476379e-01
9.320711124582122808e-01
8.575266561936540910e-01
7.583619152887240977e-01
6.374239897486922990e-01
4.981851053394936168e-01
3.446429231745199440e-01
1.812057636271403038e-01
1.256603988335549919e-02
-1.564344650402281212e-01
-3.209436098072069310e-01
-4.762382036679118635e-01
-6.178596130903324379e-01
-7.417417727387185522e-01
-8.443279255020138541e-01
-9.226727398701030092e-01
-9.745268727865766811e-01
-9.984015501089733569e-01
-9.936113105200086171e-01
-9.602936856769515028e-01
-8.994052515663717440e-01
-8.126941644330948344e-01
-7.026499697988503046e-01
-5.724321255945920006e-01
-4.257792915650738252e-01
-2.669019893203767313e-01
-1.003617148512159774e-01
6.906002571440481019e-02
2.364989970237238170e-01
3.971478906347798987e-01
5.463943467342684546e-01
6.799533787224187886e-01
7.939903986478350495e-01
8.852313113324550287e-01
9.510565162951535312e-01
9.895761186026509337e-01
9.996841892832999399e-01
9.810905174433340870e-01
9.343289424566120216e-01
8.607420270039435328e-01
7.624425110114476656e-01
6.422526531765840874e-01
5.036232016357603536e-01
3.505343201912584639e-01
1.873813145857518569e-01
1.884843971540737032e-02
-1.502255891207298633e-01
-3.149865196553057745e-01
-4.707039321653084807e-01
-6.129070536529774849e-01
-7.375131173581556121e-01
-8.409445822981698182e-01
-9.202318473658598341e-01
-9.730985109821269630e-01
-9.980267284282698936e-01
-9.943007903969987016e-01
-9.620276715860931471e-01
-9.021339593682019542e-01
-8.163392507171991497e-01
-7.071067811865460184e-01
-5.775727034222889467e-01
-4.314560456809568012e-01
-2.729519355173228301e-01
-1.066111542752573166e-01
6.279051952931608005e-02
2.303894266765933174e-01
3.913736668372050920e-01
5.411212521268783382e-01
6.753328081210266953e-01
7.901550123756923005e-01
8.822912264349548339e-01
9.490961449902957092e-01
9.886517447379145063e-01
9.998223523808089652e-01
9.822872507286879440e-01
9.365498867482009437e-01
8.639234171928333872e-01
7.664930068093654958e-01
6.470559615694412292e-01
5.090414157503921899e-01
3.564118787132466992e-01
1.935494680508838272e-01
2.513009544333297263e-02
-1.440107825522286000e-01
-3.090169943749518922e-01
-4.651510780774374409e-01
-6.079302976946092674e-01
-7.332553462225440688e-01
-8.375280400421445393e-01
-9.177546256839719252e-01
-9.716317329146751947e-01
-9.976125063612236721e-01
-9.949510169812996185e-01
-9.637236782900158172e-01
-9.048270524660171343e-01
-8.199521093254652504e-01
-7.115356772092812365e-01
-5.826904796685943300e-01
-4.371157666509274398e-01
-2.789911060392505915e-01
-1.128563848734754210e-01
5.651853448200254426e-02
2.242707609493875265e-01
3.855839922773764417e-01
5.358267949790023188e-01
6.706855765367251143e-01
7.862884321366231388e-01
8.793163101905595580e-01
9.470983049947374610e-01
9.876883405951388806e-01
9.999210442038163338e-01
9.834452049953283925e-01
9.387338576538812873e-01
8.670707011644862572e-01
7.705132427758024649e-01
6.518337253008728016e-01
5.144395337815240721e-01
3.622753667045382486e-01
1.997099805144269269e-01
3.141075907812009016e-02
-1.377902906846181497e-01
-3.030352696327819895e-01
-4.595798606214701598e-01
-6.029295416890315673e-01
-7.289686274213980077e-01
-8.340784336131760179e-01
-9.152411726209096487e-01
-9.701265964901080174e-01
-9.971589002606124907e-01
-9.955619646030791081e-01
-9.653816388332788767e-01
-9.074844245411129995e-01
-8.235325976284381122e-01
-7.159364830218244435e-01
-5.877852522924882361e-01
-4.427582310388927245e-01
-2.850192624699938726e-01
-1.190971600948598080e-01
5.024431817975126557e-02
2.181432413965247730e-01
3.797790955217843489e-01
5.305111843067187305e-01
6.660118674342382361e-01
7.823908105765770005e-01
8.763066800438550352e-01
9.450630751797990392e-01
9.866859442078698139e-01
9.999802608561372264e-01
9.845643345292034443e-01
9.408807689542313391e-01
8.701837546695201375e-01
7.745030601987445973e-01
6.565857557529477528e-01
5.198173426207238768e-01
3.681245526846670946e-01
2.058626087698975926e-01
3.769018266992264082e-02
-1.315643590922662420e-01
-2.970415815770464651e-01
-4.539904997395323161e-01
-5.979049830575287050e-01
-7.246531301870355879e-01
-8.305958991958195536e-01
-9.126915874034963183e-01
-9.685831611286342957e-01
-9.966659280340286475e-01
-9.961336091431712836e-01
-9.670014877624389937e-01
-9.101059706849902176e-01
-8.270805742745703792e-01
-7.203090248878976087e-01
-5.928568201610713295e-01
-4.483832160900456110e-01
-2.910361668282860359e-01
-1.253332335643188578e-01
4.396811831785030211e-02
2.120071099220404431e-01
3.739592057377870704e-01
5.251746299612835012e-01
6.613118653236411681e-01
7.784623015670145696e-01
8.732624548099133799e-01
9.429905358928598602e-01
9.856445951489957169e-01
