1.000000000000000000e+00
3.855839922773964257e-01
-7.026499697988494164e-01
-9.274451533346612653e-01
-1.256603988335200893e-02
9.177546256839812511e-01
7.203090248879069346e-01
-3.622753667045454096e-01
-9.996841892833000509e-01
-4.086490747363482057e-01
6.845471059286891702e-01
9.365498867481922840e-01
3.769018266993452021e-02
-9.074844245411167742e-01
-7.375131173581742638e-01
3.387379202452888705e-01
9.987369566060175785e-01
4.314560456809586886e-01
-6.660118674342530021e-01
-9.450630751798049234e-01
-6.279051952931216651e-02
8.966410367852354346e-01
7.542513807361034273e-01
-3.149865196553034430e-01
-9.971589002606139340e-01
-4.539904997395485808e-01
6.470559615694438937e-01
9.529793415172196358e-01
8.785119655074431766e-02
-8.852313113324553617e-01
-7.705132427757925839e-01
2.910361668282682168e-01
9.949510169813006177e-01
4.762382036679398412e-01
-6.276913612907010220e-01
-9.602936856769445084e-01
-1.128563848734780994e-01
8.732624548099191530e-01
7.862884321366192530e-01
-2.669019893203696259e-01
-9.921147013144780979e-01
-4.981851053394936168e-01
6.079302976946040493e-01
9.670014877624351080e-01
1.377902906846368292e-01
-8.607420270039414234e-01
-8.015669848708782963e-01
2.425992307954060734e-01
9.886517447379140622e-01
5.198173426207142178e-01
-5.877852522924698064e-01
-9.730985109821271850e-01
-1.626371651948846919e-01
8.476779360850796863e-01
8.163392507171869372e-01
-2.181432413965319339e-01
-9.845643345292049986e-01
-5.411212521268824460e-01
5.672689491267570716e-01
9.785809043254730666e-01
1.873813145857350093e-01
-8.340784336131701338e-01
-8.305958991958168891e-01
1.935494680508612342e-01
9.798550523842487481e-01
5.620833778521391322e-01
-5.463943467342676774e-01
-9.834452049953310571e-01
-2.120071099220533772e-01
8.199521093254498183e-01
8.443279255020204044e-01
-1.688334447127325111e-01
-9.745268727865787906e-01
-5.826904796685863364e-01
5.251746299612922719e-01
9.876883405951369932e-01
2.364989970237257322e-01
-8.053078857111179989e-01
-8.575266561936586429e-01
1.440107825522484730e-01
9.685831611286322973e-01
6.029295416890366743e-01
-5.036232016357553576e-01
-9.913076310695062565e-01
-2.608415062899002157e-01
7.901550123756848620e-01
8.701837546695259107e-01
-1.190971600948636938e-01
-9.620276715860865968e-01
-6.227877804881261081e-01
4.817536741017076074e-01
9.943007903969989236e-01
2.850192624699816601e-01
-7.745030601987356045e-01
-8.822912264349546119e-01
9.410831331850591508e-02
9.548645447466429514e-01
6.422526531765776481e-01
-4.595798606214779869e-01
-9.966659280340300908e-01
-3.090169943749551673e-01
7.583619152887220993e-01
8.938414241512661063e-01
-6.906002571439502635e-02
-9.470983049947435672e-01
-6.613118653236470523e-01
4.371157666509207784e-01
9.984015501089753553e-01
3.328195445229965577e-01
-7.417417727387474180e-01
-9.048270524660287917e-01
4.396811831786596320e-02
9.387338576538725166e-01
6.799533787224266712e-01
-4.143755809932697654e-01
-9.995065603657322661e-01
-3.564118787132494193e-01
7.246531301870436925e-01
9.152411726209215281e-01
-1.884843971542109198e-02
-9.297764858882435757e-01
-6.981654189934918264e-01
3.913736668371987637e-01
9.999802608561372264e-01
3.797790955218151576e-01
-7.071067811865529018e-01
-9.250772068344572663e-01
-6.283143965562600942e-03
9.202318473658778197e-01
7.159364830218415410e-01
-3.681245526846588789e-01
-9.998223523808090762e-01
-4.029064357136657448e-01
6.891138083873419307e-01
9.343289424566172396e-01
3.141075907812009016e-02
-9.101059706849967679e-01
-7.332553462225813723e-01
3.446429231745088972e-01
9.990329346781241515e-01
4.257792915650906451e-01
-6.706855765367222277e-01
-9.429905358928654113e-01
-5.651853448203287417e-02
8.994052515663772951e-01
7.501110696304724712e-01
-3.209436098071856147e-01
-9.976125063612250043e-01
-4.483832160900394492e-01
6.518337253008683607e-01
9.510565162951507556e-01
8.159061156815407279e-02
-8.881364488135435886e-01
-7.664930068093365190e-01
2.970415815770221513e-01
9.955619646030782199e-01
4.707039321653542774e-01
-6.325701619131230968e-01
-9.585217890173780564e-01
-1.066111542752729152e-01
8.763066800438682469e-01
7.823908105765855492e-01
-2.729519355172964068e-01
-9.928826045698128100e-01
-4.927273415483026664e-01
6.129070536529619417e-01
9.653816388332727705e-01
1.315643590922837003e-01
-8.639234171928318329e-01
-7.977944395385613285e-01
2.486898871648372811e-01
9.895761186026476031e-01
5.144395337815071967e-01
-5.928568201610540100e-01
-9.716317329146768600e-01
-1.564344650402484382e-01
8.509944817946945017e-01
8.126941644330942793e-01
-2.242707609493474197e-01
-9.856445951489960500e-01
-5.358267949790114226e-01
5.724321255945719056e-01
9.772681235681934808e-01
1.812057636271431904e-01
-8.375280400421354354e-01
-8.270805742745555023e-01
1.997099805144125217e-01
9.810905174433285358e-01
5.568756164881927262e-01
-5.516458706284208535e-01
-9.822872507286918298e-01
-2.058626087698755269e-01
8.235325976284275651e-01
8.409445822981719276e-01
-1.750230589752932442e-01
-9.759167619387437709e-01
-5.775727034222857270e-01
5.305111843067105148e-01
9.866859442078689257e-01
2.303894266766009502e-01
-8.090169943749379033e-01
-8.542774316992918227e-01
1.502255891207579519e-01
9.701265964900978034e-01
5.979049830575271507e-01
-5.090414157503575510e-01
-9.904614256966541852e-01
-2.547707256833809941e-01
7.939903986478326070e-01
8.670707011644950279e-01
-1.253332335643169149e-01
-9.637236782900115983e-01
-6.178596130903555306e-01
4.872501257253287199e-01
9.936113105200095053e-01
2.789911060392439857e-01
-7.784623015670102397e-01
-8.793163101905553392e-01
1.003617148512393892e-01
9.567120515588359853e-01
6.374239897487231632e-01
-4.651510780774651965e-01
-9.961336091431722828e-01
-3.030352696327773265e-01
7.624425110114420034e-01
8.910065241883745601e-01
-7.532680552791240491e-02
-9.490961449902863833e-01
-6.565857557529802824e-01
4.427582310388681330e-01
9.980267284282742235e-01
3.268880296549345754e-01
-7.459411454241839934e-01
-9.021339593682040636e-01
5.024431817976105635e-02
9.408807689542206809e-01
6.753328081210390188e-01
-4.200857284118347801e-01
-9.992894726405883166e-01
-3.505343201912400897e-01
7.289686274213825756e-01
9.126915874035224086e-01
-2.513009544328399097e-02
-9.320711124582101714e-01
-6.936533058128107054e-01
3.971478906347681859e-01
9.999210442038163338e-01
3.739592057378234302e-01
-7.115356772092640281e-01
-9.226727398701287663e-01
1.519490501897600484e-14
9.226727398701185523e-01
7.115356772092825688e-01
-3.739592057377988943e-01
-9.999210442038160007e-01
-3.971478906347924998e-01
6.936533058128325768e-01
9.320711124582197193e-01
2.513009544336726464e-02
-9.126915874034883247e-01
-7.289686274214396411e-01
3.505343201912153317e-01
9.992894726405894268e-01
4.200857284118072466e-01
-6.753328081210194789e-01
-9.408807689542296737e-01
-5.024431817978747272e-02
9.021339593681926283e-01
7.459411454242015349e-01
-3.268880296549632747e-01
-9.980267284282725582e-01
-4.427582310388918363e-01
6.565857557529602984e-01
9.490961449902947100e-01
7.532680552799547735e-02
-8.910065241883625697e-01
-7.624425110114591009e-01
3.030352696327521245e-01
9.961336091431699513e-01
4.651510780774886222e-01
-6.374239897486589923e-01
-9.567120515588272145e-01
-1.003617148512091495e-01
8.793163101905563384e-01
7.784623015670268931e-01
-2.789911060392186171e-01
-9.936113105200065077e-01
-4.872501257253021856e-01
6.178596130903570849e-01
9.637236782900034937e-01
1.253332335643431439e-01
-8.670707011644677165e-01
-7.939903986478660247e-01
2.547707256833279255e-01
9.904614256966505215e-01
5.090414157503803105e-01
-5.979049830575059454e-01
-9.701265964901111261e-01
-1.502255891207840977e-01
8.542774316992780559e-01
8.090169943749366821e-01
-2.303894266766028653e-01
-9.866859442078692588e-01
-5.305111843067329414e-01
5.775727034222640777e-01
9.759167619387495440e-01
1.750230589752353461e-01
-8.409445822981576057e-01
-8.235325976284425531e-01
2.058626087698496310e-01
9.822872507286816157e-01
5.516458706284665947e-01
-5.568756164881470960e-01
-9.810905174433337539e-01
-1.997099805144106066e-01
8.270805742745566125e-01
8.375280400421498683e-01
-1.812057636271171834e-01
-9.772681235681879297e-01
-5.724321255945703513e-01
5.358267949790130880e-01
9.856445951489957169e-01
2.242707609493732046e-01
-8.126941644330623049e-01
-8.509944817947232565e-01
1.564344650402223202e-01
9.716317329146705317e-01
5.928568201610753263e-01
-5.144395337814845481e-01
-9.895761186026554856e-01
-2.486898871648904052e-01
7.977944395385454524e-01
8.639234171928308337e-01
-1.315643590922856709e-01
-9.653816388332732146e-01
-6.129070536529828139e-01
4.927273415482796848e-01
9.928826045698159186e-01
2.729519355172945194e-01
-7.823908105766045340e-01
-8.763066800438810144e-01
1.066111542752183478e-01
9.585217890173624022e-01
6.325701619131655074e-01
-4.707039321653309627e-01
-9.955619646030806624e-01
-2.970415815770474088e-01
7.664930068093378512e-01
8.881364488135556901e-01
-8.159061156812770499e-02
-9.510565162951425400e-01
-6.518337253008669174e-01
4.483832160900412256e-01
9.976125063612248933e-01
3.209436098072106502e-01
-7.501110696304550407e-01
-8.994052515664013869e-01
5.651853448200646474e-02
9.429905358928565295e-01
6.706855765367417677e-01
-4.257792915650410182e-01
-9.990329346781264830e-01
-3.446429231745604116e-01
7.332553462225633867e-01
9.101059706849959907e-01
-3.141075907812206081e-02
-9.343289424566078027e-01
-6.891138083873611375e-01
4.029064357136414865e-01
9.998223523808085211e-01
3.681245526846570471e-01
-7.159364830218429843e-01
-9.202318473658659403e-01
6.283143965507726435e-03
9.250772068344365051e-01
7.071067811865916486e-01
-3.797790955217906772e-01
-9.999802608561370043e-01
-3.913736668372231331e-01
6.981654189934525245e-01
9.297764858882637817e-01
1.884843971544753957e-02
-9.152411726209223053e-01
-7.246531301870423603e-01
3.564118787132512511e-01
9.995065603657313780e-01
4.143755809932938017e-01
-6.799533787224072423e-01
-9.387338576538620805e-01
-4.396811831789239344e-02
9.048270524660053660e-01
7.417417727387651816e-01
-3.328195445229447658e-01
-9.984015501089722466e-01
-4.371157666509829509e-01
6.613118653236486066e-01
9.470983049947474530e-01
6.906002571442142191e-02
-8.938414241512542269e-01
-7.583619152887394188e-01
3.090169943749164760e-01
9.966659280340314231e-01
4.595798606214762660e-01
-6.422526531765900826e-01
-9.548645447466423963e-01
-9.410831331851811365e-02
8.822912264349220823e-01
7.745030601987433760e-01
-2.850192624699562916e-01
-9.943007903969960370e-01
-4.817536741017432456e-01
6.227877804880831425e-01
9.620276715860976990e-01
1.190971600949181919e-01
-8.701837546695269099e-01
-7.901550123756923005e-01
2.608415062898883918e-01
9.913076310695047022e-01
5.036232016357782282e-01
-6.029295416890042558e-01
-9.685831611286247478e-01
-1.440107825522324581e-01
8.575266561936596421e-01
8.053078857111505284e-01
-2.364989970236724137e-01
-9.876883405951284445e-01
-5.251746299613027080e-01
5.826904796685647980e-01
9.745268727865815661e-01
1.688334447127586013e-01
-8.443279255019986440e-01
-8.199521093254731330e-01
2.120071099220136313e-01
9.834452049953313901e-01
5.463943467342660121e-01
-5.620833778521289181e-01
-9.798550523842369797e-01
-1.935494680508174636e-01
8.305958991958337645e-01
8.340784336132160970e-01
-1.873813145856392248e-01
-9.785809043254530826e-01
-5.672689491267437489e-01
5.411212521268841114e-01
9.845643345292046655e-01
2.181432413965438966e-01
-8.163392507171799428e-01
-8.476779360850899003e-01
1.626371651948655961e-01
9.730985109821210788e-01
5.877852522924970069e-01
-5.198173426206794678e-01
-9.886517447379201684e-01
-2.425992307954523974e-01
8.015669848708454337e-01
8.607420270039151111e-01
-1.377902906845754338e-01
-9.670014877624464322e-01
-6.079302976946645565e-01
4.981851053395199291e-01
9.921147013144885340e-01
2.669019893203540272e-01
-7.862884321366292451e-01
-8.732624548099147122e-01
1.128563848734871200e-01
9.602936856769113128e-01
6.276913612907050188e-01
-4.762382036679290720e-01
-9.949510169813018390e-01
-2.910361668282935299e-01
7.705132427757711566e-01
8.852313113324710159e-01
-8.785119655070380840e-02
-9.529793415172050919e-01
-6.470559615693963762e-01
4.539904997394965669e-01
9.971589002606100482e-01
3.149865196553690017e-01
-7.542513807361304057e-01
-8.966410367852707397e-01
6.279051952922902469e-02
9.450630751798125839e-01
6.660118674343230571e-01
-4.314560456809700684e-01
-9.987369566060229076e-01
-3.387379202452903693e-01
7.375131173581708222e-01
9.074844245411212151e-01
-3.769018266991873423e-02
-9.365498867481848455e-01
-6.845471059287083770e-01
4.086490747363192289e-01
9.996841892833009391e-01
3.622753667044806836e-01
-7.203090248878725177e-01
-9.177546256839579364e-01
1.256603988329181056e-02
9.274451533346365073e-01
7.026499697989004867e-01
-3.855839922773248718e-01
-1.000000000000000000e+00
-3.855839922774785822e-01
7.026499697988628501e-01
9.274451533346987908e-01
1.256603988334471268e-02
-9.177546256839820282e-01
-7.203090248879092661e-01
3.622753667045373049e-01
9.996841892832996068e-01
4.086490747363675236e-01
-6.845471059286698523e-01
-9.365498867482033862e-01
-3.769018266985799809e-02
9.074844245410990107e-01
7.375131173582065713e-01
-3.387379202452406313e-01
-9.987369566060144699e-01
-4.314560456810178080e-01
6.660118674341988232e-01
9.450630751797927109e-01
6.279051952939529446e-02
-8.966410367852473140e-01
-7.542513807361650446e-01
3.149865196553187641e-01
9.971589002606146002e-01
4.539904997395436959e-01
-6.470559615694426725e-01
-9.529793415172211901e-01
-8.785119655075650236e-02
8.852313113324463689e-01
7.705132427758049074e-01
-2.910361668282429037e-01
-9.949510169812965099e-01
-4.762382036679755903e-01
6.276913612906638296e-01
9.602936856769578311e-01
1.128563848735396891e-01
-8.732624548098889550e-01
-7.862884321365917195e-01
2.669019893203030680e-01
9.921147013144819837e-01
4.981851053395658369e-01
-6.079302976946224790e-01
-9.670014877624310001e-01
-1.377902906846278364e-01
8.607420270039460863e-01
8.015669848708770751e-01
-2.425992307954010774e-01
-9.886517447378950774e-01
-5.198173426207246539e-01
5.877852522924541523e-01
9.730985109821332912e-01
1.626371651949178043e-01
-8.476779360850618117e-01
-8.163392507172104740e-01
2.181432413966032102e-01
9.845643345291953397e-01
5.411212521268330411e-01
-5.672689491267001172e-01
-9.785809043254639628e-01
-1.873813145858028717e-01
8.340784336131868981e-01
8.305958991957999027e-01
-1.935494680507655607e-01
-9.798550523842491922e-01
-5.620833778522197344e-01
5.463943467342693427e-01
9.834452049953512631e-01
2.120071099220653399e-01
-8.199521093254428239e-01
-8.443279255020269547e-01
1.688334447127064486e-01
9.745268727865696867e-01
5.826904796686077637e-01
-5.251746299613544444e-01
-9.876883405951456529e-01
-2.364989970236685835e-01
8.053078857110854694e-01
8.575266561936283338e-01
-1.440107825521801110e-01
-9.685831611286116472e-01
-6.029295416890010362e-01
5.036232016356833041e-01
9.913076310695041471e-01
2.608415062899943626e-01
-7.901550123756947430e-01
-8.701837546695809777e-01
1.190971600948656506e-01
9.620276715860832661e-01
6.227877804881245538e-01
-4.817536741016968938e-01
-9.943007903970016992e-01
-2.850192624700070287e-01
7.745030601987817898e-01
8.822912264349737077e-01
-9.410831331857862081e-02
-9.548645447466267422e-01
-6.422526531766306057e-01
4.595798606214292481e-01
9.966659280340357530e-01
3.090169943749127568e-01
-7.583619152886678094e-01
-8.938414241512524505e-01
6.906002571431194004e-02
9.470983049947487853e-01
6.613118653237308742e-01
-4.371157666509353779e-01
-9.984015501089752442e-01
-3.328195445229946703e-01
7.417417727387297655e-01
9.048270524660279035e-01
-4.396811831783953989e-02
-9.387338576539026036e-01
-6.799533787224461001e-01
4.143755809932456735e-01
9.995065603657330433e-01
3.564118787133007116e-01
-7.246531301870059449e-01
-9.152411726209436216e-01
1.884843971545147739e-02
9.297764858882233696e-01
6.981654189934497490e-01
-3.913736668371221028e-01
-9.999802608561370043e-01
-3.797790955218922071e-01
7.071067811865542341e-01
9.250772068344566001e-01
6.283143965560632899e-03
-9.202318473658674947e-01
-7.159364830219195897e-01
3.681245526846607108e-01
9.998223523808085211e-01
4.029064357136899477e-01
-6.891138083873228348e-01
-9.343289424566266765e-01
-3.141075907817494212e-02
9.101059706849740083e-01
7.332553462225993579e-01
-3.446429231745641308e-01
-9.990329346781217090e-01
-4.257792915650374654e-01
6.706855765366603883e-01
9.429905358928553083e-01
5.651853448211603681e-02
-8.994052515663781833e-01
-7.501110696304523762e-01
3.209436098071066779e-01
9.976125063612252264e-01
4.483832160901393138e-01
-6.518337253008699150e-01
-9.510565162951589713e-01
-8.159061156818044058e-02
8.881364488135313762e-01
7.664930068093718241e-01
-2.970415815769968937e-01
-9.955619646030757774e-01
-4.707039321653776476e-01
6.325701619131686160e-01
9.585217890173935995e-01
1.066111542752144342e-01
-8.763066800438281678e-01
-7.823908105765666754e-01
2.729519355172436157e-01
9.928826045698029290e-01
4.927273415482762431e-01
-6.129070536528961055e-01
-9.653816388332722154e-01
-1.315643590923944728e-01
8.639234171928328321e-01
7.977944395385773158e-01
-2.486898871648391685e-01
-9.895761186026478251e-01
-5.144395337815299563e-01
5.928568201610326938e-01
9.716317329146830772e-01
1.564344650402745562e-01
-8.509944817947253659e-01
-8.126941644331262538e-01
2.242707609494324350e-01
9.856445951489867241e-01
5.358267949790577189e-01
-5.724321255945269415e-01
-9.772681235682111334e-01
-1.812057636271132977e-01
8.375280400420899163e-01
8.270805742745543920e-01
-1.997099805143030538e-01
-9.810905174433344200e-01
-5.568756164881910609e-01
5.516458706284225189e-01
9.822872507286914967e-01
2.058626087699014229e-01
-8.235325976284125771e-01
-8.409445822981862495e-01
1.750230589752392318e-01
9.759167619387628667e-01
5.775727034223072653e-01
-5.305111843066880883e-01
-9.866859442078778075e-01
-2.303894266766543519e-01
8.090169943749055959e-01
8.542774316993351214e-01
-1.502255891207880112e-01
-9.701265964900844807e-01
-5.979049830575028368e-01
5.090414157502858306e-01
9.904614256966499664e-01
2.547707256833791067e-01
-7.939903986478338282e-01
-8.670707011644940287e-01
1.253332335642906581e-01
9.637236782900046039e-01
6.178596130904433492e-01
-4.872501257253056273e-01
-9.936113105200125029e-01
-2.789911060392694098e-01
7.784623015669936974e-01
8.793163101905815404e-01
-1.003617148511565110e-01
-9.567120515588448670e-01
-6.374239897487435913e-01
4.651510780774921194e-01
9.961336091431796103e-01
3.030352696327483497e-01
-7.624425110113880466e-01
-8.910065241883607934e-01
7.532680552794271400e-02
9.490961449902959313e-01
6.565857557529574118e-01
-4.427582310387934705e-01
-9.980267284282723361e-01
-3.268880296550670250e-01
7.459411454241663408e-01
9.021339593682154989e-01
-5.024431817973463305e-02
-9.408807689542116881e-01
-6.753328081210585587e-01
4.200857284117592294e-01
9.992894726405870953e-01
3.505343201913180828e-01
-7.289686274214423056e-01
-9.126915874035331777e-01
2.513009544337119899e-02
9.320711124581799734e-01
6.936533058127887230e-01
-3.971478906347961080e-01
-9.999210442038174440e-01
-3.739592057377952306e-01
7.115356772092054083e-01
9.226727398701169980e-01
1.249455415254960206e-13
-9.226727398701083382e-01
-7.115356772093011095e-01
3.739592057377743584e-01
9.999210442038156677e-01
3.971478906348167581e-01
-6.936533058127725138e-01
-9.320711124581880780e-01
-2.513009544339370877e-02
9.126915874035239629e-01
7.289686274214577377e-01
-3.505343201912969886e-01
-9.992894726405863182e-01
-4.200857284118827972e-01
6.753328081210419054e-01
9.408807689542578734e-01
5.024431817975712200e-02
-9.021339593681567681e-01
-7.459411454241813288e-01
3.268880296548308806e-01
9.980267284282708928e-01
4.427582310389155951e-01
-6.565857557529404254e-01
-9.490961449903030367e-01
-7.532680552796516826e-02
8.910065241883505793e-01
7.624425110114025905e-01
-3.030352696327268669e-01
-9.961336091431676198e-01
-4.651510780775120479e-01
6.374239897486386752e-01
9.567120515588514174e-01
1.003617148512920276e-01
-8.793163101905707713e-01
-7.784623015670791846e-01
2.789911060392477604e-01
9.936113105199970708e-01
4.872501257253252782e-01
-6.178596130902468397e-01
-9.637236782900105991e-01
-1.253332335643130013e-01
8.670707011644828155e-01
7.939903986478474840e-01
-2.547707256833573464e-01
-9.904614256966468577e-01
-5.090414157504030701e-01
5.979049830574847402e-01
9.701265964901175654e-01
1.502255891208102712e-01
-8.542774316992642891e-01
-8.090169943749856429e-01
2.303894266765217913e-01
9.866859442078741438e-01
5.305111843068035515e-01
-5.775727034222889467e-01
-9.759167619387677517e-01
-1.750230589752614085e-01
8.409445822981125307e-01
8.235325976284253446e-01
-2.058626087698793850e-01
-9.822872507286872779e-01
-5.516458706284412816e-01
5.568756164880779291e-01
9.810905174433388609e-01
1.997099805144365303e-01
-8.270805742745417355e-01
-8.375280400421643012e-01
1.812057636270911487e-01
9.772681235681822676e-01
5.724321255946386300e-01
-5.358267949789426998e-01
-9.856445951489906099e-01
-2.242707609494543619e-01
8.126941644331131531e-01
8.509944817947372453e-01
-1.564344650402523240e-01
-9.716317329146508808e-01
-5.928568201610507904e-01
5.144395337815106384e-01
9.895761186026674761e-01
2.486898871648609843e-01
-7.977944395384951592e-01
-8.639234171928441564e-01
1.315643590922594419e-01
9.653816388332663312e-01
6.129070536530037971e-01
-4.927273415482566477e-01
-9.928826045698191383e-01
-2.729519355173746775e-01
7.823908105765525756e-01
8.763066800438389370e-01
-1.066111542751920493e-01
-9.585217890173872712e-01
-6.325701619131860465e-01
4.707039321653577746e-01
9.955619646030885450e-01
2.970415815771269563e-01
-7.664930068093573912e-01
-8.881364488135939927e-01
8.159061156815800020e-02
9.510565162951168938e-01
6.518337253008869014e-01
-4.483832160900175778e-01
-9.976125063612267807e-01
-3.209436098072356858e-01
7.501110696304374992e-01
8.994052515663880643e-01
-5.651853448198004837e-02
-9.429905358928477588e-01
-6.706855765366771527e-01
4.257792915650170928e-01
9.990329346781277042e-01
3.446429231745852806e-01
-7.332553462225067653e-01
-9.101059706850304076e-01
3.141075907803880102e-02
9.343289424566186829e-01
6.891138083874215337e-01
-4.029064357136692975e-01
-9.998223523808110746e-01
-3.681245526846816385e-01
7.159364830218244435e-01
9.202318473658317455e-01
-6.283143965424431085e-03
-9.250772068344911281e-01
-7.071067811866506014e-01
3.797790955218713904e-01
9.999802608561375594e-01
3.913736668373520855e-01
-6.981654189935150301e-01
-9.297764858883154071e-01
-1.884843971536032114e-02
9.152411726208429243e-01
7.246531301870213770e-01
-3.564118787132796728e-01
-9.995065603657323772e-01
-4.143755809932661571e-01
6.799533787224295578e-01
9.387338576538711843e-01
4.396811831786203578e-02
-9.048270524660183556e-01
-7.417417727387448645e-01
3.328195445229734650e-01
9.984015501089739120e-01
4.371157666509555839e-01
-6.613118653236287336e-01
-9.470983049947560017e-01
-6.906002571444781746e-02
8.938414241512423475e-01
7.583619152887566273e-01
-3.090169943748913295e-01
-9.966659280340246507e-01
-4.595798606215502069e-01
6.422526531765262447e-01
9.548645447466671543e-01
9.410831331837467284e-02
-8.822912264349096478e-01
-7.745030601987960006e-01
2.850192624698764665e-01
9.943007903970114691e-01
4.817536741016170132e-01
-6.227877804880179724e-01
-9.620276715861204586e-01
-1.190971600950008896e-01
8.701837546695698755e-01
7.901550123756388988e-01
-2.608415062897531111e-01
-9.913076310694862725e-01
-5.036232016357028440e-01
6.029295416890737558e-01
9.685831611286737086e-01
1.440107825524273855e-01
-8.575266561936751852e-01
-8.053078857110987920e-01
2.364989970237571515e-01
9.876883405951064621e-01
5.251746299612768398e-01
-5.826904796685895560e-01
-9.745268727865746827e-01
-1.688334447127286531e-01
8.443279255018930618e-01
8.199521093254557025e-01
-2.120071099220433297e-01
-9.834452049953266162e-01
-5.463943467342882165e-01
5.620833778521070467e-01
9.798550523842536331e-01
1.935494680508992038e-01
-8.305958991957873572e-01
-8.340784336131993326e-01
1.873813145856690898e-01
9.785809043254592998e-01
5.672689491268123607e-01
-5.411212521270053477e-01
-9.845643345292192095e-01
-2.181432413966251926e-01
8.163392507171317591e-01
8.476779360851340872e-01
-1.626371651950077601e-01
-9.730985109821018719e-01
-5.877852522925643974e-01
5.198173426206083025e-01
9.886517447378985191e-01
2.425992307953126204e-01
-8.015669848707956957e-01
-8.607420270040153643e-01
1.377902906847181252e-01
9.670014877624542038e-01
6.079302976947306147e-01
-4.981851053393491768e-01
-9.921147013144989701e-01
-2.669019893203247729e-01
7.862884321366480078e-01
8.732624548100107464e-01
-1.128563848732913877e-01
-9.602936856769515028e-01
-6.276913612906813711e-01
4.762382036679558284e-01
9.949510169813216010e-01
2.910361668282644421e-01
-7.705132427757905855e-01
-8.852313113324568050e-01
8.785119655073407585e-02
9.529793415172143067e-01
6.470559615694598810e-01
-4.539904997395236008e-01
-9.971589002606162655e-01
-3.149865196555559632e-01
7.542513807360756717e-01
8.966410367852573060e-01
-6.279051952925936153e-02
-9.450630751797852724e-01
-6.660118674343004086e-01
4.314560456808949063e-01
9.987369566060213533e-01
3.387379202453687510e-01
-7.375131173582680777e-01
-9.074844245411561872e-01
3.769018266983549525e-02
9.365498867481556466e-01
6.845471059286033499e-01
-4.086490747364507348e-01
-9.996841892833030485e-01
-3.622753667046642589e-01
7.203090248878147861e-01
9.177546256839458350e-01
-1.256603988320851954e-02
-9.274451533346053100e-01
-7.026499697989597726e-01
3.855839922774578210e-01
