5.000000000000000000e+00
1.381567558200398116e+00
8.111843803317579649e-02
1.967494783172195172e+00
5.281830477509888988e-01
1.086747869864306271e+00
1.030248739361959709e+00
-5.714021595364574546e-01
-1.191652915593478745e+00
-2.518968466924653704e+00
5.312999445303256962e-02
1.013549400846417647e+00
-2.965420997345445286e+00
-1.377401674841824519e+00
-1.106018346388233375e-01
-1.846580175252438671e+00
9.328606704835276098e-01
1.078201014979164762e+00
-1.255988243322816000e+00
-9.285287671698154721e-01
-4.047865306260320928e-01
1.502521227514246549e+00
3.484525498170466529e-01
-2.193290430016786807e+00
-1.200435439311337005e-01
-1.361971499218646242e+00
-2.116131716712229771e+00
1.509816849354052692e+00
-7.642319962513877130e-01
-2.882947636512138700e+00
-4.672227966914128672e-01
2.519282066957182487e-01
1.295350011402723434e+00
8.894219114014367822e-01
3.912026463052712399e-01
1.851384054568989468e+00
5.085771350379002520e-01
2.377548340836818319e+00
4.693898353640928001e+00
2.336591333956244965e-01
3.852713593141492143e-02
2.345955016243020719e+00
5.992697690210758710e-01
9.903265569447138317e-01
4.455127857318840756e-01
-1.355784293338990754e+00
-1.443965310053790585e+00
-1.869303581075770326e+00
4.849608660423832540e-01
7.385092258424852396e-02
-3.665468789467730915e+00
-1.018864180293562960e+00
1.066323234894519523e-01
-1.519312319832130331e+00
1.167584236655224927e+00
3.675522753308164692e-01
-1.801326978657056266e+00
-3.956367449212965237e-01
4.498389748278293077e-01
1.461482374523399574e+00
-4.469671926505557336e-01
-2.322515227170362628e+00
1.712441429545039639e-01
-1.119333651512726568e+00
-1.393874362500883368e+00
1.508917359583048512e+00
-1.681583772600973248e+00
-2.738921780374614201e+00
5.824690622774872928e-01
8.293296776983543062e-01
1.163357849285977741e+00
5.643032033684810544e-01
4.118719946425958289e-01
2.047348962237171666e+00
1.085475853857358786e+00
2.963065021785398212e+00
3.876130453557961264e+00
-7.410849860231044639e-01
4.735400140844094330e-01
2.780583337396183907e+00
3.877044597367473866e-01
5.859705920871800533e-01
-2.498097464234797227e-01
-1.865830275697478502e+00
-1.267612104280586571e+00
-1.243762832671438723e+00
3.850632749186156945e-01
-1.079135281770535082e+00
-3.951029518673109031e+00
-3.021733607454838433e-01
3.190742950495722430e-01
-1.398863571614489265e+00
1.086492518377304872e+00
-3.559579420579742082e-01
-1.859615613361405684e+00
4.802441648745131575e-01
1.000426385051510492e+00
9.524802407397894299e-01
-1.191303915700325122e+00
-2.061783717134868965e+00
6.909830056250669816e-01
-8.821786292461640810e-01
-9.730559221639709655e-01
1.142165484401131081e+00
-2.387232200302127794e+00
-2.042316603289624499e+00
1.668178940725043580e+00
9.461892881542643963e-01
7.326055280120965518e-01
3.512978542984300789e-01
7.129126752906495001e-01
2.437547211544560000e+00
1.539385477550192727e+00
3.041515773157705382e+00
2.808118317517358520e+00
-1.275942361338201270e+00
1.287335639658201192e+00
2.990672781583013418e+00
-2.090715247797531040e-01
1.957079446763043684e-02
-8.154845906494888608e-01
-2.009311594333649253e+00
-8.651561259321258746e-01
-9.158183153629879669e-01
-1.955852596040645597e-01
-2.121320343559635280e+00
-3.681444898478932082e+00
5.880431401622502330e-01
2.956337104586881370e-01
-1.533981446955691386e+00
8.684028864932182845e-01
-8.422290307344301175e-01
-1.435290081880789881e+00
1.395343712110571843e+00
1.054681746717029078e+00
1.595917325155170041e-01
-1.605198409660349101e+00
-1.391679390235335267e+00
1.231729240385798008e+00
-8.566710728168880351e-01
-8.617633884013954360e-01
6.587398709442099376e-01
-2.664736029986733534e+00
-9.453329525095387487e-01
2.466633307838178801e+00
5.529365658792022575e-01
2.445748877771208862e-01
4.510502997961020610e-01
1.255840049354988164e+00
2.799516726098835395e+00
1.677599044300521980e+00
2.705165919688739873e+00
1.808438674156396697e+00
-1.265336364780857537e+00
2.219564085731271064e+00
2.739746029255432536e+00
-1.119875701698135328e+00
-4.678585867535891563e-01
-1.092015657777985371e+00
-1.865489544143671852e+00
-5.027806375953052243e-01
-1.016709981480610203e+00
-1.030414141243882087e+00
-2.757591467893962367e+00
-2.906132654004110361e+00
1.366875643131452378e+00
-1.009611087275532754e-01
-1.809868963202957648e+00
7.462617752664760795e-01
-9.675401086142872975e-01
-7.052317942018351271e-01
2.052261275881538616e+00
6.097643187258819930e-01
-6.136734261114006328e-01
-1.510612215663521773e+00
-4.693033951207260523e-01
1.543597557088645100e+00
-1.123972345117812077e+00
-9.122030098121169939e-01
3.126486632318608017e-01
-2.472261273824165162e+00
2.630766343975294297e-01
2.744890561716203603e+00
-2.062026784343354846e-01
-1.314422071284060412e-02
9.260970087683468854e-01
1.854500869866356316e+00
2.914499446261978655e+00
1.465044125985562440e+00
2.183911085681269793e+00
1.128910263276978299e+00
-8.028503409990468409e-01
2.946048258667227415e+00
1.940788123576439705e+00
-2.115454679172768415e+00
-6.501835644088298505e-01
-1.074713064027067233e+00
-1.637331054831938193e+00
-3.923083880832217707e-01
-1.491027886118710288e+00
-1.809016994374914145e+00
-2.834502018462785600e+00
-1.853169887814199779e+00
1.764481996800762342e+00
-8.402757989744824574e-01
-1.998636743870593868e+00
8.937692671744374984e-01
-7.791546179436588115e-01
6.470270331570358857e-02
2.274253090607651018e+00
-1.500532873897876263e-01
-1.062086635728567430e+00
-9.112671697631304912e-01
4.252827199670230485e-01
1.449282557208467104e+00
-1.599222027525564416e+00
-8.999929143931585385e-01
2.528441693406918711e-01
-1.947783589596590925e+00
1.270993519327030530e+00
2.449267673537472767e+00
-1.043898147683572919e+00
1.721343481472317194e-01
1.660359473748503012e+00
2.256991180796360297e+00
2.673019572565087820e+00
1.030774887754171143e+00
1.739248679156761401e+00
8.619733826268912713e-01
-1.389918829565784941e-01
3.204215326672481989e+00
7.027125488825038957e-01
-2.894432806272566161e+00
-4.231310164625596837e-01
-9.171435634615624499e-01
-1.549750605601893039e+00
-6.015172531950283563e-01
-2.130969914690908240e+00
-2.260510829056763260e+00
-2.396135451902196234e+00
-8.444770793880618243e-01
1.639756773368247433e+00
-1.722151166402002165e+00
-1.863437667621993032e+00
1.339669245147371957e+00
-4.634728947063138094e-01
6.365603487548771033e-01
2.066377925820572781e+00
-9.309271673542378611e-01
-9.983642964678133280e-01
-2.106949577106376914e-14
9.983642964678388632e-01
9.309271673542712788e-01
-2.066377925820653605e+00
-6.365603487549159611e-01
4.634728947064011284e-01
-1.339669245147353305e+00
1.863437667621912652e+00
1.722151166401998612e+00
-1.639756773368213238e+00
8.444770793880239657e-01
2.396135451902202451e+00
2.260510829056834314e+00
2.130969914690869604e+00
6.015172531949497525e-01
1.549750605601955655e+00
9.171435634616796895e-01
4.231310164625944337e-01
2.894432806272534631e+00
-7.027125488825778366e-01
-3.204215326672498865e+00
1.389918829565894853e-01
-8.619733826267769183e-01
-1.739248679156670141e+00
-1.030774887754269509e+00
-2.673019572565138446e+00
-2.256991180796321661e+00
-1.660359473748595160e+00
-1.721343481472379366e-01
1.043898147683601785e+00
-2.449267673537581569e+00
-1.270993519326958809e+00
1.947783589596651987e+00
-2.528441693406483504e-01
8.999929143929992215e-01
1.599222027525500911e+00
-1.449282557208355415e+00
-4.252827199670622393e-01
9.112671697631051781e-01
1.062086635728604289e+00
1.500532873898405839e-01
-2.274253090607769145e+00
-6.470270331578673040e-02
7.791546179438327835e-01
-8.937692671744617012e-01
1.998636743870545684e+00
8.402757989746361122e-01
-1.764481996800702168e+00
1.853169887814135164e+00
2.834502018462772721e+00
1.809016994374909704e+00
1.491027886118624135e+00
3.923083880831764736e-01
1.637331054832085631e+00
1.074713064027127407e+00
6.501835644087304855e-01
2.115454679172779962e+00
-1.940788123576460800e+00
-2.946048258667232744e+00
8.028503409990437323e-01
-1.128910263276843295e+00
-2.183911085681234709e+00
-1.465044125985595969e+00
-2.914499446261944904e+00
-1.854500869866354318e+00
-9.260970087683696450e-01
1.314422071273624315e-02
2.062026784343110597e-01
-2.744890561716177402e+00
-2.630766343975730059e-01
2.472261273824259753e+00
-3.126486632318312697e-01
9.122030098119401353e-01
1.123972345117809191e+00
-1.543597557088633554e+00
4.693033951207499221e-01
1.510612215663528657e+00
6.136734261114361599e-01
-6.097643187258650066e-01
-2.052261275881524405e+00
7.052317942018929697e-01
9.675401086142707552e-01
-7.462617752665292592e-01
1.809868963202881709e+00
1.009611087275973512e-01
-1.366875643131367113e+00
2.906132654004156102e+00
2.757591467893924175e+00
1.030414141243843229e+00
1.016709981480508951e+00
5.027806375953245421e-01
1.865489544143762002e+00
1.092015657778003135e+00
4.678585867535566267e-01
1.119875701698185289e+00
-2.739746029255241577e+00
-2.219564085731407843e+00
1.265336364780855316e+00
-1.808438674156191972e+00
-2.705165919688808263e+00
-1.677599044300543518e+00
-2.799516726098678632e+00
-1.255840049355040344e+00
-4.510502997961247651e-01
-2.445748877772127017e-01
-5.529365658791094429e-01
-2.466633307838190348e+00
9.453329525093256969e-01
2.664736029986841448e+00
-6.587398709442161548e-01
8.617633884012187995e-01
8.566710728169049105e-01
-1.231729240385719404e+00
1.391679390235267544e+00
1.605198409660373526e+00
-1.595917325154886379e-01
-1.054681746717016200e+00
-1.395343712110624246e+00
1.435290081880837176e+00
8.422290307345140503e-01
-8.684028864932936687e-01
1.533981446955659411e+00
-2.956337104585610720e-01
-5.880431401622659981e-01
3.681444898478853034e+00
2.121320343559603305e+00
1.955852596040919544e-01
9.158183153629543272e-01
8.651561259321521868e-01
2.009311594333773154e+00
8.154845906493837226e-01
-1.957079446765186415e-02
2.090715247798028420e-01
-2.990672781582983220e+00
-1.287335639658131470e+00
1.275942361338220810e+00
-2.808118317517347862e+00
-3.041515773157736025e+00
-1.539385477550242243e+00
-2.437547211544484504e+00
-7.129126752905784459e-01
-3.512978542985439323e-01
-7.326055280120535862e-01
-9.461892881542922629e-01
-1.668178940725063564e+00
2.042316603289675125e+00
2.387232200302085161e+00
-1.142165484401199915e+00
9.730559221639224488e-01
8.821786292461122336e-01
-6.909830056249949282e-01
2.061783717134869853e+00
1.191303915700139271e+00
-9.524802407397507942e-01
-1.000426385051568445e+00
-4.802441648744600333e-01
1.859615613361526254e+00
3.559579420580998299e-01
-1.086492518377463634e+00
1.398863571614456180e+00
-3.190742950495191188e-01
3.021733607453551684e-01
3.951029518673061958e+00
1.079135281770709831e+00
-3.850632749186055359e-01
1.243762832671353458e+00
1.267612104280620766e+00
1.865830275697518026e+00
2.498097464234428633e-01
-5.859705920872618767e-01
-3.877044597365834067e-01
-2.780583337396111521e+00
-4.735400140844279182e-01
7.410849860231700781e-01
-3.876130453557893762e+00
-2.963065021785533659e+00
-1.085475853857403195e+00
-2.047348962237019343e+00
-4.118719946426384615e-01
-5.643032033685191351e-01
-1.163357849285927781e+00
-8.293296776982985730e-01
-5.824690622775923199e-01
2.738921780374578230e+00
1.681583772600946824e+00
-1.508917359583090256e+00
1.393874362500862052e+00
1.119333651512870231e+00
-1.712441429544407923e-01
2.322515227170325769e+00
4.469671926505057735e-01
-1.461482374523383365e+00
-4.498389748278696088e-01
3.956367449212505605e-01
1.801326978657074473e+00
-3.675522753308110846e-01
-1.167584236655237362e+00
1.519312319832187841e+00
-1.066323234893593042e-01
1.018864180293506561e+00
3.665468789467619004e+00
-7.385092258438386015e-02
-4.849608660424302720e-01
1.869303581075816290e+00
1.443965310053874074e+00
1.355784293339047597e+00
-4.455127857319559626e-01
-9.903265569447454730e-01
-5.992697690210545547e-01
-2.345955016243088664e+00
-3.852713593150774996e-02
-2.336591333956042904e-01
-4.693898353640916454e+00
-2.377548340836703744e+00
-5.085771350378346378e-01
-1.851384054568923077e+00
-3.912026463053457359e-01
-8.894219114016637118e-01
-1.295350011402681023e+00
-2.519282066957586608e-01
4.672227966913502506e-01
2.882947636512094292e+00
7.642319962515665699e-01
-1.509816849354165935e+00
2.116131716712081889e+00
1.361971499218859405e+00
1.200435439311077213e-01
2.193290430016642922e+00
-3.484525498168826729e-01
-1.502521227514225455e+00
4.047865306260307605e-01
9.285287671698069234e-01
1.255988243322781361e+00
-1.078201014979141004e+00
-9.328606704836488461e-01
1.846580175252545253e+00
1.106018346389440188e-01
1.377401674841709056e+00
2.965420997345479481e+00
-1.013549400846321280e+00
-5.312999445322486025e-02
2.518968466924603078e+00
1.191652915593519380e+00
5.714021595364439099e-01
-1.030248739361944166e+00
-1.086747869864287175e+00
-5.281830477508441257e-01
-1.967494783172304196e+00
-8.111843803333555758e-02
-1.381567558200340162e+00
-5.000000000000000000e+00
-1.381567558200417878e+00
-8.111843803323608160e-02
-1.967494783172240247e+00
-5.281830477510353061e-01
-1.086747869864366667e+00
-1.030248739361781851e+00
5.714021595364514594e-01
1.191652915593385043e+00
2.518968466924626615e+00
-5.312999445321103797e-02
-1.013549400846438298e+00
2.965420997345526999e+00
1.377401674841859602e+00
1.106018346388403240e-01
1.846580175252384048e+00
-9.328606704835417096e-01
-1.078201014979039973e+00
1.255988243322690767e+00
9.285287671698126966e-01
4.047865306260949869e-01
-1.502521227514339364e+00
-3.484525498169168678e-01
2.193290430016831660e+00
1.200435439311294816e-01
1.361971499218680437e+00
2.116131716712097877e+00
-1.509816849354031154e+00
7.642319962515335963e-01
2.882947636512084966e+00
4.672227966914627162e-01
-2.519282066958176136e-01
-1.295350011402847112e+00
-8.894219114013146577e-01
-3.912026463052836744e-01
-1.851384054569010562e+00
-5.085771350379084677e-01
-2.377548340836899143e+00
-4.693898353640896026e+00
-2.336591333955644334e-01
-3.852713593146987747e-02
-2.345955016242946112e+00
-5.992697690210982975e-01
-9.903265569446784156e-01
-4.455127857316334428e-01
1.355784293338999191e+00
1.443965310053716422e+00
1.869303581075668408e+00
-4.849608660424520878e-01
-7.385092258415681954e-02
3.665468789467819732e+00
1.018864180293461263e+00
-1.066323234894554495e-01
1.519312319832044178e+00
-1.167584236655279328e+00
-3.675522753307474688e-01
1.801326978657064037e+00
3.956367449212608856e-01
-4.498389748277622502e-01
-1.461482374523376038e+00
4.469671926507812199e-01
2.322515227170345309e+00
-1.712441429547109095e-01
1.119333651512366856e+00
1.393874362501025477e+00
-1.508917359582933493e+00
1.681583772600848459e+00
2.738921780374829584e+00
-5.824690622773704973e-01
-8.293296776984746543e-01
-1.163357849286085433e+00
-5.643032033685946303e-01
-4.118719946424762579e-01
-2.047348962237197867e+00
-1.085475853857262862e+00
-2.963065021785117548e+00
-3.876130453558080724e+00
7.410849860229273833e-01
-4.735400140842963568e-01
-2.780583337396355770e+00
-3.877044597368869416e-01
-5.859705920871420837e-01
2.498097464235824183e-01
1.865830275697519802e+00
1.267612104280495533e+00
1.243762832671489349e+00
-3.850632749186875814e-01
1.079135281770331467e+00
3.951029518673113472e+00
3.021733607456110748e-01
-3.190742950495742969e-01
1.398863571614538115e+00
-1.086492518377210725e+00
3.559579420579288556e-01
1.859615613361314423e+00
-4.802441648744806835e-01
-1.000426385051500500e+00
-9.524802407397916504e-01
1.191303915700375526e+00
2.061783717135014182e+00
-6.909830056250592101e-01
8.821786292459979917e-01
9.730559221639951684e-01
-1.142165484401090225e+00
2.387232200301984353e+00
2.042316603289648924e+00
-1.668178940724916348e+00
-9.461892881543030320e-01
-7.326055280120939983e-01
-3.512978542983959951e-01
-7.129126752906501663e-01
-2.437547211544583980e+00
-1.539385477550229808e+00
-3.041515773157564162e+00
-2.808118317517322104e+00
1.275942361338107123e+00
-1.287335639658123032e+00
-2.990672781583046724e+00
2.090715247796636200e-01
-1.957079446754839136e-02
8.154845906494987418e-01
2.009311594333587525e+00
8.651561259321008945e-01
9.158183153630004014e-01
1.955852596041270375e-01
2.121320343559546906e+00
3.681444898478966277e+00
-5.880431401622912002e-01
-2.956337104587930531e-01
1.533981446955682060e+00
-8.684028864930706249e-01
8.422290307345215998e-01
1.435290081880712387e+00
-1.395343712110573620e+00
-1.054681746716987778e+00
-1.595917325156599453e-01
1.605198409660298919e+00
1.391679390235402991e+00
-1.231729240385895707e+00
8.566710728169557587e-01
8.617633884015205581e-01
-6.587398709441628641e-01
2.664736029986732202e+00
9.453329525093081553e-01
-2.466633307838121958e+00
-5.529365658792084748e-01
-2.445748877771874996e-01
-4.510502997958734106e-01
-1.255840049355088084e+00
-2.799516726098968178e+00
-1.677599044300398523e+00
-2.705165919688777620e+00
-1.808438674156367387e+00
1.265336364780806022e+00
-2.219564085731371872e+00
-2.739746029255254012e+00
1.119875701698126225e+00
4.678585867536341203e-01
1.092015657778075965e+00
1.865489544143425604e+00
5.027806375952714735e-01
1.016709981480711233e+00
1.030414141243762183e+00
2.757591467894048520e+00
2.906132654004027760e+00
-1.366875643131597151e+00
1.009611087276094665e-01
1.809868963202888814e+00
-7.462617752663572857e-01
9.675401086142694229e-01
7.052317942016856911e-01
-2.052261275881378744e+00
-6.097643187257597575e-01
6.136734261113199196e-01
1.510612215663656555e+00
4.693033951205164978e-01
-1.543597557088690397e+00
1.123972345117959737e+00
9.122030098120326169e-01
-3.126486632317537762e-01
2.472261273824024386e+00
-2.630766343978018229e-01
-2.744890561716079702e+00
2.062026784344036523e-01
1.314422071281518001e-02
-9.260970087682571794e-01
-1.854500869866579027e+00
-2.914499446261923588e+00
-1.465044125985520029e+00
-2.183911085681133013e+00
-1.128910263277296266e+00
8.028503409991198936e-01
-2.946048258667003150e+00
-1.940788123576834723e+00
2.115454679172720009e+00
6.501835644090425692e-01
1.074713064026880049e+00
1.637331054831887789e+00
3.923083880832757275e-01
1.491027886118641677e+00
1.809016994374930798e+00
2.834502018462648820e+00
1.853169887814456462e+00
-1.764481996800796981e+00
8.402757989743343536e-01
1.998636743870862986e+00
-8.937692671744091877e-01
7.791546179434837294e-01
-6.470270331551129794e-02
-2.274253090607720740e+00
1.500532873896720520e-01
1.062086635728523909e+00
9.112671697631565815e-01
-4.252827199669243496e-01
-1.449282557208692701e+00
1.599222027525557976e+00
8.999929143932956510e-01
-2.528441693409088087e-01
1.947783589596525422e+00
-1.270993519326833576e+00
-2.449267673537611323e+00
1.043898147683629762e+00
-1.721343481471570014e-01
-1.660359473748488135e+00
-2.256991180796443786e+00
-2.673019572565126900e+00
-1.030774887753965530e+00
-1.739248679156827571e+00
-8.619733826269907473e-01
1.389918829567269309e-01
-3.204215326672471775e+00
-7.027125488827230537e-01
2.894432806272598135e+00
4.231310164625948778e-01
9.171435634614409915e-01
1.549750605601734055e+00
6.015172531951430424e-01
2.130969914690993505e+00
2.260510829056570081e+00
2.396135451902283720e+00
8.444770793880936877e-01
-1.639756773368323595e+00
1.722151166402032585e+00
1.863437667622085403e+00
-1.339669245147409926e+00
4.634728947063367355e-01
-6.365603487548062711e-01
-2.066377925820488404e+00
9.309271673541237302e-01
9.983642964678095533e-01
-1.073217692692327309e-13
-9.983642964678866027e-01
-9.309271673542238723e-01
2.066377925820729544e+00
6.365603487549227335e-01
-4.634728947065991367e-01
1.339669245147354193e+00
-1.863437667621843818e+00
-1.722151166402021705e+00
1.639756773368220344e+00
-8.444770793879800008e-01
-2.396135451902303259e+00
-2.260510829056782356e+00
-2.130969914690877154e+00
-6.015172531949072310e-01
-1.549750605601921460e+00
-9.171435634616662558e-01
-4.231310164624697556e-01
-2.894432806272552838e+00
7.027125488826118094e-01
3.204215326672533948e+00
-1.389918829566569869e-01
8.619733826267226284e-01
1.739248679156765620e+00
1.030774887754253077e+00
2.673019572565131341e+00
2.256991180796217744e+00
1.660359473748535653e+00
1.721343481472500381e-01
-1.043898147683725242e+00
2.449267673537649959e+00
1.270993519327039412e+00
-1.947783589596675746e+00
2.528441693407211810e-01
-8.999929143930665010e-01
-1.599222027525355916e+00
1.449282557208514621e+00
4.252827199669042546e-01
-9.112671697630244649e-01
-1.062086635728582751e+00
-1.500532873897197916e-01
2.274253090607964101e+00
6.470270331549654586e-02
-7.791546179437593977e-01
8.937692671744624784e-01
-1.998636743870607635e+00
-8.402757989744285005e-01
1.764481996800689512e+00
-1.853169887814373418e+00
-2.834502018462683903e+00
-1.809016994375080234e+00
-1.491027886118445611e+00
-3.923083880831400583e-01
-1.637331054832159127e+00
-1.074713064027023046e+00
-6.501835644088247435e-01
-2.115454679172719121e+00
1.940788123576685287e+00
2.946048258667043118e+00
-8.028503409991331052e-01
1.128910263277053572e+00
2.183911085681193409e+00
1.465044125985780266e+00
2.914499446261813898e+00
1.854500869866344992e+00
9.260970087683660923e-01
-1.314422071269583103e-02
-2.062026784345231123e-01
2.744890561716174737e+00
2.630766343979299426e-01
-2.472261273824202021e+00
3.126486632316920478e-01
-9.122030098117352992e-01
-1.123972345117866700e+00
1.543597557088495442e+00
-4.693033951204902965e-01
-1.510612215663471813e+00
-6.136734261114201727e-01
6.097643187257950625e-01
2.052261275881578584e+00
-7.052317942017968244e-01
-9.675401086144816976e-01
7.462617752665471338e-01
-1.809868963202698300e+00
-1.009611087277684643e-01
1.366875643131474805e+00
-2.906132654003887872e+00
-2.757591467894132009e+00
-1.030414141243841009e+00
-1.016709981480516278e+00
-5.027806375952760254e-01
-1.865489544143757783e+00
-1.092015657778091731e+00
-4.678585867534204024e-01
-1.119875701698184400e+00
2.739746029255055504e+00
2.219564085731431824e+00
-1.265336364780883738e+00
1.808438674156185089e+00
2.705165919688923282e+00
1.677599044300584819e+00
2.799516726098724817e+00
1.255840049354929322e+00
4.510502997960701421e-01
2.445748877773034069e-01
5.529365658791036697e-01
2.466633307838249412e+00
-9.453329525092389884e-01
-2.664736029986916499e+00
6.587398709442229272e-01
-8.617633884011943746e-01
-8.566710728169923961e-01
1.231729240385665003e+00
-1.391679390235319946e+00
-1.605198409660142822e+00
1.595917325155472022e-01
1.054681746717046842e+00
1.395343712110727719e+00
-1.435290081880891355e+00
-8.422290307346557148e-01
8.684028864933402980e-01
-1.533981446955567041e+00
2.956337104585842201e-01
5.880431401622456811e-01
-3.681444898478812178e+00
-2.121320343559641941e+00
-1.955852596041615654e-01
-9.158183153628071116e-01
-8.651561259321840502e-01
-2.009311594333862860e+00
-8.154845906493777274e-01
1.957079446774390163e-02
-2.090715247798150545e-01
2.990672781582886852e+00
1.287335639658226061e+00
-1.275942361338145759e+00
2.808118317517312779e+00
3.041515773157546842e+00
1.539385477550152759e+00
2.437547211544476955e+00
7.129126752906792541e-01
3.512978542985939479e-01
7.326055280120216118e-01
9.461892881541603684e-01
1.668178940725246751e+00
-2.042316603289784815e+00
-2.387232200302346730e+00
1.142165484401315823e+00
-9.730559221637193890e-01
-8.821786292462803214e-01
6.909830056247410202e-01
-2.061783717134874294e+00
-1.191303915699977845e+00
9.524802407395455139e-01
1.000426385051414790e+00
4.802441648744809610e-01
-1.859615613361515596e+00
-3.559579420579425668e-01
1.086492518377523586e+00
-1.398863571614547663e+00
3.190742950495067953e-01
-3.021733607457508519e-01
-3.951029518673021990e+00
-1.079135281770561283e+00
3.850632749186836956e-01
-1.243762832671345908e+00
-1.267612104280662733e+00
-1.865830275697728746e+00
-2.498097464231324172e-01
5.859705920871673968e-01
3.877044597366791079e-01
2.780583337396110188e+00
4.735400140844865380e-01
-7.410849860230444008e-01
3.876130453557915523e+00
2.963065021785292519e+00
1.085475853857558626e+00
2.047348962236932746e+00
4.118719946426087075e-01
5.643032033685434490e-01
1.163357849286029921e+00
8.293296776982733709e-01
5.824690622773798232e-01
-2.738921780374856230e+00
-1.681583772600683258e+00
1.508917359583178186e+00
-1.393874362500773678e+00
-1.119333651512945282e+00
1.712441429544293570e-01
-2.322515227170097951e+00
-4.469671926508830273e-01
1.461482374523322525e+00
4.498389748279405520e-01
-3.956367449211910525e-01
-1.801326978657261435e+00
3.675522753307390866e-01
1.167584236655472729e+00
-1.519312319832181402e+00
1.066323234892015970e-01
-1.018864180293114874e+00
-3.665468789467634991e+00
7.385092258398773257e-02
4.849608660424494233e-01
-1.869303581075601794e+00
-1.443965310054044160e+00
-1.355784293339111990e+00
4.455127857318599283e-01
9.903265569448873595e-01
5.992697690207182681e-01
2.345955016242933677e+00
3.852713593155060456e-02
2.336591333954672889e-01
4.693898353640907573e+00
2.377548340836989738e+00
5.085771350375766220e-01
1.851384054569054083e+00
3.912026463054978365e-01
8.894219114014445537e-01
1.295350011402566448e+00
2.519282066957070354e-01
-4.672227966910695862e-01
-2.882947636512315448e+00
-7.642319962516925802e-01
1.509816849354285839e+00
-2.116131716712053912e+00
-1.361971499218959547e+00
-1.200435439310770791e-01
-2.193290430016763715e+00
3.484525498169689373e-01
1.502521227514046265e+00
-4.047865306259378348e-01
-9.285287671697837197e-01
-1.255988243323024722e+00
1.078201014979072392e+00
9.328606704836023278e-01
-1.846580175252759748e+00
-1.106018346388760731e-01
-1.377401674841692403e+00
-2.965420997345420417e+00
1.013549400846328608e+00
5.312999445315430558e-02
-2.518968466924772276e+00
-1.191652915593673701e+00
-5.714021595364401351e-01
1.030248739362386257e+00
1.086747869864059357e+00
5.281830477508121513e-01
1.967494783172170525e+00
8.111843803338564252e-02
1.381567558200182066e+00
